320.6190335363575
345.5610980361689
330.139629086183
368.18694171021525
340.86249828431926
310.0092307020193
367.0842764934946
379.6067157357383
336.3863203049051
349.7653051979086
364.94420694251477
354.3011409742977
358.90058172021963
295.1843982791179
349.1463465784735
308.61040715291256
303.12085982739825
397.4464018606289
399.92189935937654
371.95176612440895
375.8484159184312
339.7181693582221
363.59423112363805
363.6951461689443
387.56561015320915
316.9680398267376
355.30919422278146
351.54212427440274
375.0209969334087
400.9733638062807
